4294967294,0
4294967279,22
4294967278,410
4294967294,588
4294967279,21
4294967279,20
4294967279,16
4294967279,15
4294967279,14
4294967279,13
4294967279,10
4294967279,9
4294967278,408
4294967278,417
4294967278,207
4294967294,22
4294967278,399
4294967278,372
4294967294,6
4294967294,5
4294967278,132
4294967278,131
4294967278,130
4294967278,129
4294967278,128
4294967278,127
4294967278,126
4294967278,125
4294967278,124
4294967278,123
4294967278,122
4294967278,121
4294967278,120
4294967278,119
4294967278,118
4294967278,117
4294967278,116
4294967278,115
4294967278,114
4294967278,113
4294967278,112
4294967278,111
4294967278,110
4294967278,109
4294967278,108
4294967278,107
4294967278,106
4294967278,105
4294967278,104
4294967278,103
4294967278,102
4294967278,101
4294967278,100
4294967278,99
4294967278,98
4294967278,97
4294967278,96
4294967278,95
4294967278,94
4294967278,93
4294967278,80
4294967278,77
4294967278,68
4294967278,65
4294967278,63
4294967278,0
4294967278,346
4294967279,84
4294967279,71
4294967279,54
4294967279,338
4294967279,49
4294967279,299
4294967279,345
4294967279,47
4294967279,418
4294967279,219
4294967279,408
4294967279,36
4294967279,365
4294967279,33
4294967279,31
4294967279,303
4294967279,28
4294967279,26
4294967279,25
4294967279,0
4294967279,260
4294967279,447
4294967279,19
4294967279,18
4294967279,17
4294967279,12
4294967279,11
4294967279,8
4294967279,7
4294967279,6
4294967279,5
4294967279,4
4294967278,92
4294967278,398
4294967278,91
4294967278,397
4294967278,203
4294967278,90
4294967278,403
4294967278,202
4294967278,89
4294967278,359
4294967278,201
4294967278,87
4294967278,411
4294967278,200
4294967278,86
4294967278,320
4294967278,199
4294967278,85
4294967278,377
4294967278,198
4294967278,84
4294967278,251
4294967278,197
4294967278,83
4294967278,348
4294967278,196
4294967279,83
4294967279,432
4294967278,82
4294967278,310
4294967279,82
4294967279,431
4294967278,81
4294967278,291
4294967278,194
4294967278,193
4294967279,335
4294967278,79
4294967278,392
4294967278,192
4294967279,79
4294967279,223
4294967278,78
4294967278,249
4294967278,191
4294967279,389
4294967278,190
4294967278,76
4294967278,290
4294967278,189
4294967279,76
4294967278,75
4294967278,277
4294967278,188
4294967279,189
4294967278,74
4294967278,426
4294967278,187
4294967279,73
4294967279,188
4294967279,215
4294967278,73
4294967278,289
4294967294,587
4294967278,72
4294967278,386
4294967278,185
4294967278,71
4294967278,287
4294967278,184
4294967278,70
4294967278,385
4294967278,183
4294967279,70
4294967279,289
4294967278,69
4294967278,414
4294967278,182
4294967279,278
4294967278,181
4294967279,182
4294967278,67
4294967278,406
4294967278,180
4294967279,337
4294967278,66
4294967278,395
4294967278,179
4294967279,430
4294967278,178
4294967279,65
4294967279,157
4294967278,64
4294967278,374
4294967278,177
4294967279,138
4294967278,62
4294967279,62
4294967279,332
4294967279,175
4294967279,57
4294967279,56
4294967279,323
4294967279,169
4294967279,166
4294967279,52
4294967279,366
4294967294,590
4294967279,245
4294967294,589
4294967294,7
0,5
4294967279,397
4294967294,989
1838,8
1838,7
1838,6
1838,5
1838,4
1838,3
1838,2
1838,1
4294967279,396
4294967279,395
4294967279,394
1835,6
4294967278,432
1835,5
1835,4
1835,3
1835,2
1835,1
1831,5
1831,4
1831,3
1831,2
1831,1
1830,4
1830,3
1830,2
1830,1
4294967294,1358
1829,5
1829,4
1829,3
1829,2
1829,1
1828,4
1828,3
1828,2
1828,1
1827,4
1827,3
1827,2
1827,1
1826,6
1826,5
1826,4
1826,3
1826,2
1826,1
1825,4
1825,3
1825,2
1825,1
1824,5
1824,4
1824,3
1824,2
1824,1
1823,4
1823,3
1823,2
1823,1
4294967279,393
4294967278,431
4294967278,430
4294967278,429
4294967278,428
4294967294,470
4294967279,392
4294967278,427
4294967293,131
4294967293,130
4294967293,129
4294967293,128
4294967293,127
4294967293,126
4294967293,125
4294967293,124
4294967293,123
4294967293,122
4294967293,121
4294967293,120
4294967293,119
4294967293,118
4294967293,117
4294967293,116
4294967293,115
4294967293,114
4294967293,113
4294967293,112
4294967293,111
4294967293,110
4294967293,109
4294967293,108
4294967293,107
4294967293,106
4294967293,105
4294967293,104
4294967293,103
4294967293,102
4294967293,101
4294967293,100
4294967293,99
4294967293,98
4294967293,97
4294967293,96
4294967293,95
4294967293,94
4294967293,93
4294967293,92
4294967293,91
4294967293,90
4294967293,89
4294967293,88
